# transform file /usr/local/freesurfer/subjects/3457/mri/transforms/cc_up.lta
# created by ubuntu on Thu Jan 18 05:16:18 2018

type      = 0 # LINEAR_VOX_TO_VOX
nxforms   = 1
mean      = 130.0000 124.0000 114.0000
sigma     = 10000.0000
1 4 4
9.973316788673401e-01 5.755649879574776e-02 -4.491116851568222e-02 -3.218065738677979e+00 
-5.749823153018951e-02 9.983423352241516e-01 2.589221578091383e-03 2.938898849487305e+01 
4.498574510216713e-02 2.328306714094452e-10 9.989877343177795e-01 2.125410652160645e+01 
0.000000000000000e+00 0.000000000000000e+00 0.000000000000000e+00 1.000000000000000e+00 
src volume info
valid = 1  # volume info valid
filename = /usr/local/freesurfer/subjects/3457/mri/norm.mgz
volume = 256 256 256
voxelsize = 1.000000000000000e+00 1.000000000000000e+00 1.000000000000000e+00
xras   = -9.999999403953552e-01 0.000000000000000e+00 0.000000000000000e+00
yras   = 0.000000000000000e+00 0.000000000000000e+00 -9.999999403953552e-01
zras   = 0.000000000000000e+00 9.999999403953552e-01 0.000000000000000e+00
cras   = 1.711650085449219e+02 2.950001831054688e+02 4.964682312011719e+02
dst volume info
valid = 1  # volume info valid
filename = /usr/local/freesurfer/subjects/3457/mri/norm.mgz
volume = 256 256 256
voxelsize = 1.000000000000000e+00 1.000000000000000e+00 1.000000000000000e+00
xras   = -9.999999403953552e-01 0.000000000000000e+00 0.000000000000000e+00
yras   = 0.000000000000000e+00 0.000000000000000e+00 -9.999999403953552e-01
zras   = 0.000000000000000e+00 9.999999403953552e-01 0.000000000000000e+00
cras   = 1.711650085449219e+02 2.950001831054688e+02 4.964682312011719e+02
