# transform file transforms/talairach_with_skull.lta
# created by ubuntu on Wed Jan 17 20:29:30 2018

type      = 0 # LINEAR_VOX_TO_VOX
nxforms   = 1
mean      = 129.0000 142.0000 132.0000
sigma     = 10000.0000
1 4 4
1.000936985015869e+00 8.762218803167343e-02 -2.397510968148708e-02 -1.276441478729248e+01 
-1.117702275514603e-01 1.165216207504272e+00 3.081930279731750e-01 -4.009566879272461e+01 
4.532701522111893e-02 -2.641310691833496e-01 1.016865968704224e+00 1.946527862548828e+01 
0.000000000000000e+00 0.000000000000000e+00 0.000000000000000e+00 1.000000000000000e+00 
src volume info
valid = 1  # volume info valid
filename = nu.mgz
volume = 256 256 256
voxelsize = 1.000000000000000e+00 1.000000000000000e+00 1.000000000000000e+00
xras   = -9.999999403953552e-01 0.000000000000000e+00 0.000000000000000e+00
yras   = 0.000000000000000e+00 0.000000000000000e+00 -9.999999403953552e-01
zras   = 0.000000000000000e+00 9.999999403953552e-01 0.000000000000000e+00
cras   = 1.711650085449219e+02 2.950001831054688e+02 4.964682312011719e+02
dst volume info
valid = 1  # volume info valid
filename = /usr/local/freesurfer/average/RB_all_withskull_2016-05-10.vc700.gca
volume = 256 256 256
voxelsize = 1.000000000000000e+00 1.000000000000000e+00 1.000000000000000e+00
xras   = -1.000000000000000e+00 0.000000000000000e+00 0.000000000000000e+00
yras   = 0.000000000000000e+00 0.000000000000000e+00 -1.000000000000000e+00
zras   = 0.000000000000000e+00 1.000000000000000e+00 0.000000000000000e+00
cras   = 0.000000000000000e+00 0.000000000000000e+00 0.000000000000000e+00
