# transform file /usr/local/freesurfer/subjects/3001/mri/transforms/cc_up.lta
# created by ubuntu on Fri Jan 19 05:54:35 2018

type      = 0 # LINEAR_VOX_TO_VOX
nxforms   = 1
mean      = 130.0000 121.0000 119.0000
sigma     = 10000.0000
1 4 4
9.997667074203491e-01 1.265858020633459e-02 1.750113628804684e-02 -4.372871398925781e+00 
-1.265664119273424e-02 9.999198913574219e-01 -2.215572894783691e-04 3.268067932128906e+01 
-1.750253885984421e-02 0.000000000000000e+00 9.998468160629272e-01 1.829625892639160e+01 
0.000000000000000e+00 0.000000000000000e+00 0.000000000000000e+00 1.000000000000000e+00 
src volume info
valid = 1  # volume info valid
filename = /usr/local/freesurfer/subjects/3001/mri/norm.mgz
volume = 256 256 256
voxelsize = 1.000000000000000e+00 1.000000000000000e+00 1.000000000000000e+00
xras   = -1.000000000000000e+00 0.000000000000000e+00 0.000000000000000e+00
yras   = 0.000000000000000e+00 0.000000000000000e+00 -1.000000000000000e+00
zras   = 0.000000000000000e+00 1.000000000000000e+00 0.000000000000000e+00
cras   = 2.348059692382812e+02 2.948728942871094e+02 5.425119628906250e+02
dst volume info
valid = 1  # volume info valid
filename = /usr/local/freesurfer/subjects/3001/mri/norm.mgz
volume = 256 256 256
voxelsize = 1.000000000000000e+00 1.000000000000000e+00 1.000000000000000e+00
xras   = -1.000000000000000e+00 0.000000000000000e+00 0.000000000000000e+00
yras   = 0.000000000000000e+00 0.000000000000000e+00 -1.000000000000000e+00
zras   = 0.000000000000000e+00 1.000000000000000e+00 0.000000000000000e+00
cras   = 2.348059692382812e+02 2.948728942871094e+02 5.425119628906250e+02
