# transform file /usr/local/freesurfer/subjects/4109/mri/transforms/cc_up.lta
# created by ubuntu on Tue Jan 16 17:26:12 2018

type      = 0 # LINEAR_VOX_TO_VOX
nxforms   = 1
mean      = 129.0000 125.0000 107.0000
sigma     = 10000.0000
1 4 4
9.994009733200073e-01 1.681256666779518e-02 3.025039657950401e-02 -4.953463077545166e+00 
-1.680487021803856e-02 9.998587369918823e-01 -5.086587043479085e-04 2.622091484069824e+01 
-3.025467321276665e-02 0.000000000000000e+00 9.995422363281250e-01 3.992981338500977e+01 
0.000000000000000e+00 0.000000000000000e+00 0.000000000000000e+00 1.000000000000000e+00 
src volume info
valid = 1  # volume info valid
filename = /usr/local/freesurfer/subjects/4109/mri/norm.mgz
volume = 256 256 256
voxelsize = 1.000000000000000e+00 1.000000000000000e+00 1.000000000000000e+00
xras   = -1.000000000000000e+00 0.000000000000000e+00 0.000000000000000e+00
yras   = 0.000000000000000e+00 0.000000000000000e+00 -1.000000000000000e+00
zras   = 0.000000000000000e+00 1.000000000000000e+00 0.000000000000000e+00
cras   = 2.014745788574219e+02 3.003358154296875e+02 4.970921020507812e+02
dst volume info
valid = 1  # volume info valid
filename = /usr/local/freesurfer/subjects/4109/mri/norm.mgz
volume = 256 256 256
voxelsize = 1.000000000000000e+00 1.000000000000000e+00 1.000000000000000e+00
xras   = -1.000000000000000e+00 0.000000000000000e+00 0.000000000000000e+00
yras   = 0.000000000000000e+00 0.000000000000000e+00 -1.000000000000000e+00
zras   = 0.000000000000000e+00 1.000000000000000e+00 0.000000000000000e+00
cras   = 2.014745788574219e+02 3.003358154296875e+02 4.970921020507812e+02
