# transform file /usr/local/freesurfer/subjects/3006/mri/transforms/cc_up.lta
# created by ubuntu on Fri Jan 19 05:45:41 2018

type      = 0 # LINEAR_VOX_TO_VOX
nxforms   = 1
mean      = 129.0000 112.0000 115.0000
sigma     = 10000.0000
1 4 4
9.981451630592346e-01 -5.907725915312767e-02 1.470000203698874e-02 6.003189086914062e+00 
5.907085165381432e-02 9.982534050941467e-01 8.699552854523063e-04 3.362793731689453e+01 
-1.472572237253189e-02 0.000000000000000e+00 9.998915195465088e-01 2.386416435241699e+01 
0.000000000000000e+00 0.000000000000000e+00 0.000000000000000e+00 1.000000000000000e+00 
src volume info
valid = 1  # volume info valid
filename = /usr/local/freesurfer/subjects/3006/mri/norm.mgz
volume = 256 256 256
voxelsize = 1.000000000000000e+00 1.000000000000000e+00 1.000000000000000e+00
xras   = -1.000000000000000e+00 0.000000000000000e+00 0.000000000000000e+00
yras   = 0.000000000000000e+00 0.000000000000000e+00 -1.000000000000000e+00
zras   = 0.000000000000000e+00 1.000000000000000e+00 0.000000000000000e+00
cras   = 2.121249237060547e+02 2.904829101562500e+02 5.351950073242188e+02
dst volume info
valid = 1  # volume info valid
filename = /usr/local/freesurfer/subjects/3006/mri/norm.mgz
volume = 256 256 256
voxelsize = 1.000000000000000e+00 1.000000000000000e+00 1.000000000000000e+00
xras   = -1.000000000000000e+00 0.000000000000000e+00 0.000000000000000e+00
yras   = 0.000000000000000e+00 0.000000000000000e+00 -1.000000000000000e+00
zras   = 0.000000000000000e+00 1.000000000000000e+00 0.000000000000000e+00
cras   = 2.121249237060547e+02 2.904829101562500e+02 5.351950073242188e+02
