# transform file /usr/local/freesurfer/subjects/4110/mri/transforms/cc_up.lta
# created by ubuntu on Tue Jan 16 17:31:20 2018

type      = 0 # LINEAR_VOX_TO_VOX
nxforms   = 1
mean      = 131.0000 108.0000 110.0000
sigma     = 10000.0000
1 4 4
9.990065097808838e-01 -3.873640298843384e-02 2.203790657222271e-02 -7.703657150268555e-01 
3.872698172926903e-02 9.992495179176331e-01 8.543104049749672e-04 3.990704727172852e+01 
-2.205445989966393e-02 0.000000000000000e+00 9.997568726539612e-01 3.491248321533203e+01 
0.000000000000000e+00 0.000000000000000e+00 0.000000000000000e+00 1.000000000000000e+00 
src volume info
valid = 1  # volume info valid
filename = /usr/local/freesurfer/subjects/4110/mri/norm.mgz
volume = 256 256 256
voxelsize = 1.000000000000000e+00 1.000000000000000e+00 1.000000000000000e+00
xras   = -1.000000000000000e+00 0.000000000000000e+00 0.000000000000000e+00
yras   = 0.000000000000000e+00 0.000000000000000e+00 -1.000000000000000e+00
zras   = 0.000000000000000e+00 1.000000000000000e+00 0.000000000000000e+00
cras   = 2.170708312988281e+02 2.934403076171875e+02 5.087119140625000e+02
dst volume info
valid = 1  # volume info valid
filename = /usr/local/freesurfer/subjects/4110/mri/norm.mgz
volume = 256 256 256
voxelsize = 1.000000000000000e+00 1.000000000000000e+00 1.000000000000000e+00
xras   = -1.000000000000000e+00 0.000000000000000e+00 0.000000000000000e+00
yras   = 0.000000000000000e+00 0.000000000000000e+00 -1.000000000000000e+00
zras   = 0.000000000000000e+00 1.000000000000000e+00 0.000000000000000e+00
cras   = 2.170708312988281e+02 2.934403076171875e+02 5.087119140625000e+02
