# transform file /usr/local/freesurfer/subjects/3461/mri/transforms/cc_up.lta
# created by ubuntu on Thu Jan 18 04:50:38 2018

type      = 0 # LINEAR_VOX_TO_VOX
nxforms   = 1
mean      = 129.0000 108.0000 110.0000
sigma     = 10000.0000
1 4 4
9.962005019187927e-01 4.492429271340370e-02 -7.460939139127731e-02 1.432216763496399e+00 
-4.479883238673210e-02 9.989904761314392e-01 3.355161752551794e-03 4.764976882934570e+01 
7.468479126691818e-02 2.328306714094452e-10 9.972072839736938e-01 2.847387313842773e+01 
0.000000000000000e+00 0.000000000000000e+00 0.000000000000000e+00 1.000000000000000e+00 
src volume info
valid = 1  # volume info valid
filename = /usr/local/freesurfer/subjects/3461/mri/norm.mgz
volume = 256 256 256
voxelsize = 1.000000000000000e+00 1.000000000000000e+00 1.000000000000000e+00
xras   = -9.999999403953552e-01 0.000000000000000e+00 0.000000000000000e+00
yras   = 0.000000000000000e+00 0.000000000000000e+00 -9.999999403953552e-01
zras   = 0.000000000000000e+00 9.999999403953552e-01 0.000000000000000e+00
cras   = 2.020680236816406e+02 2.950001831054688e+02 5.054514465332031e+02
dst volume info
valid = 1  # volume info valid
filename = /usr/local/freesurfer/subjects/3461/mri/norm.mgz
volume = 256 256 256
voxelsize = 1.000000000000000e+00 1.000000000000000e+00 1.000000000000000e+00
xras   = -9.999999403953552e-01 0.000000000000000e+00 0.000000000000000e+00
yras   = 0.000000000000000e+00 0.000000000000000e+00 -9.999999403953552e-01
zras   = 0.000000000000000e+00 9.999999403953552e-01 0.000000000000000e+00
cras   = 2.020680236816406e+02 2.950001831054688e+02 5.054514465332031e+02
