# transform file /usr/local/freesurfer/subjects/3464/mri/transforms/cc_up.lta
# created by ubuntu on Thu Jan 18 05:32:05 2018

type      = 0 # LINEAR_VOX_TO_VOX
nxforms   = 1
mean      = 129.0000 109.0000 120.0000
sigma     = 10000.0000
1 4 4
9.987488389015198e-01 -3.964513912796974e-02 3.047592565417290e-02 5.800626277923584e-01 
3.962669521570206e-02 9.992137551307678e-01 1.209173118695617e-03 3.087205696105957e+01 
-3.049990348517895e-02 0.000000000000000e+00 9.995346665382385e-01 1.694901657104492e+01 
0.000000000000000e+00 0.000000000000000e+00 0.000000000000000e+00 1.000000000000000e+00 
src volume info
valid = 1  # volume info valid
filename = /usr/local/freesurfer/subjects/3464/mri/norm.mgz
volume = 256 256 256
voxelsize = 1.000000000000000e+00 1.000000000000000e+00 1.000000000000000e+00
xras   = -9.999999403953552e-01 0.000000000000000e+00 0.000000000000000e+00
yras   = 0.000000000000000e+00 0.000000000000000e+00 -9.999999403953552e-01
zras   = 0.000000000000000e+00 9.999999403953552e-01 0.000000000000000e+00
cras   = 2.126104736328125e+02 2.961067199707031e+02 5.050712585449219e+02
dst volume info
valid = 1  # volume info valid
filename = /usr/local/freesurfer/subjects/3464/mri/norm.mgz
volume = 256 256 256
voxelsize = 1.000000000000000e+00 1.000000000000000e+00 1.000000000000000e+00
xras   = -9.999999403953552e-01 0.000000000000000e+00 0.000000000000000e+00
yras   = 0.000000000000000e+00 0.000000000000000e+00 -9.999999403953552e-01
zras   = 0.000000000000000e+00 9.999999403953552e-01 0.000000000000000e+00
cras   = 2.126104736328125e+02 2.961067199707031e+02 5.050712585449219e+02
