# transform file /usr/local/freesurfer/subjects/3459/mri/transforms/cc_up.lta
# created by ubuntu on Thu Jan 18 05:10:35 2018

type      = 0 # LINEAR_VOX_TO_VOX
nxforms   = 1
mean      = 129.0000 107.0000 113.0000
sigma     = 10000.0000
1 4 4
9.989373087882996e-01 4.608794301748276e-02 -5.915359943173826e-04 -6.717729091644287e+00 
-4.608793556690216e-02 9.989374876022339e-01 2.729167499637697e-05 3.611122131347656e+01 
5.921652191318572e-04 1.818989620386291e-12 9.999998807907104e-01 3.792280578613281e+01 
0.000000000000000e+00 0.000000000000000e+00 0.000000000000000e+00 1.000000000000000e+00 
src volume info
valid = 1  # volume info valid
filename = /usr/local/freesurfer/subjects/3459/mri/norm.mgz
volume = 256 256 256
voxelsize = 1.000000000000000e+00 1.000000000000000e+00 1.000000000000000e+00
xras   = -9.999999403953552e-01 0.000000000000000e+00 0.000000000000000e+00
yras   = 0.000000000000000e+00 0.000000000000000e+00 -9.999999403953552e-01
zras   = 0.000000000000000e+00 9.999999403953552e-01 0.000000000000000e+00
cras   = 1.834120788574219e+02 2.763442382812500e+02 5.204456787109375e+02
dst volume info
valid = 1  # volume info valid
filename = /usr/local/freesurfer/subjects/3459/mri/norm.mgz
volume = 256 256 256
voxelsize = 1.000000000000000e+00 1.000000000000000e+00 1.000000000000000e+00
xras   = -9.999999403953552e-01 0.000000000000000e+00 0.000000000000000e+00
yras   = 0.000000000000000e+00 0.000000000000000e+00 -9.999999403953552e-01
zras   = 0.000000000000000e+00 9.999999403953552e-01 0.000000000000000e+00
cras   = 1.834120788574219e+02 2.763442382812500e+02 5.204456787109375e+02
