# transform file /usr/local/freesurfer/subjects/4105/mri/transforms/cc_up.lta
# created by ubuntu on Tue Jan 16 17:09:50 2018

type      = 0 # LINEAR_VOX_TO_VOX
nxforms   = 1
mean      = 129.0000 128.0000 113.0000
sigma     = 10000.0000
1 4 4
9.957851767539978e-01 5.652153119444847e-02 -7.223032414913177e-02 7.702847123146057e-01 
-5.637342482805252e-02 9.984014034271240e-01 4.089105874300003e-03 2.508321762084961e+01 
7.234597951173782e-02 0.000000000000000e+00 9.973796010017395e-01 1.586492443084717e+01 
0.000000000000000e+00 0.000000000000000e+00 0.000000000000000e+00 1.000000000000000e+00 
src volume info
valid = 1  # volume info valid
filename = /usr/local/freesurfer/subjects/4105/mri/norm.mgz
volume = 256 256 256
voxelsize = 1.000000000000000e+00 1.000000000000000e+00 1.000000000000000e+00
xras   = -1.000000000000000e+00 0.000000000000000e+00 0.000000000000000e+00
yras   = 0.000000000000000e+00 0.000000000000000e+00 -1.000000000000000e+00
zras   = 0.000000000000000e+00 1.000000000000000e+00 0.000000000000000e+00
cras   = 2.033394165039062e+02 2.851441040039062e+02 4.849069213867188e+02
dst volume info
valid = 1  # volume info valid
filename = /usr/local/freesurfer/subjects/4105/mri/norm.mgz
volume = 256 256 256
voxelsize = 1.000000000000000e+00 1.000000000000000e+00 1.000000000000000e+00
xras   = -1.000000000000000e+00 0.000000000000000e+00 0.000000000000000e+00
yras   = 0.000000000000000e+00 0.000000000000000e+00 -1.000000000000000e+00
zras   = 0.000000000000000e+00 1.000000000000000e+00 0.000000000000000e+00
cras   = 2.033394165039062e+02 2.851441040039062e+02 4.849069213867188e+02
