# transform file /usr/local/freesurfer/subjects/4030/mri/transforms/cc_up.lta
# created by ubuntu on Fri Jan 19 05:33:45 2018

type      = 0 # LINEAR_VOX_TO_VOX
nxforms   = 1
mean      = 129.0000 140.0000 123.0000
sigma     = 10000.0000
1 4 4
9.996413588523865e-01 -2.640140056610107e-02 -4.493236541748047e-03 3.144300222396851e+00 
2.640113420784473e-02 9.996514916419983e-01 -1.186691079055890e-04 4.660642623901367e+00 
4.494803491979837e-03 7.275957614183426e-12 9.999899268150330e-01 2.042327499389648e+01 
0.000000000000000e+00 0.000000000000000e+00 0.000000000000000e+00 1.000000000000000e+00 
src volume info
valid = 1  # volume info valid
filename = /usr/local/freesurfer/subjects/4030/mri/norm.mgz
volume = 256 256 256
voxelsize = 1.000000000000000e+00 1.000000000000000e+00 1.000000000000000e+00
xras   = -1.000000000000000e+00 0.000000000000000e+00 0.000000000000000e+00
yras   = 0.000000000000000e+00 0.000000000000000e+00 -1.000000000000000e+00
zras   = 0.000000000000000e+00 1.000000000000000e+00 0.000000000000000e+00
cras   = 2.060000000000000e+02 2.725000000000000e+02 5.290000000000000e+02
dst volume info
valid = 1  # volume info valid
filename = /usr/local/freesurfer/subjects/4030/mri/norm.mgz
volume = 256 256 256
voxelsize = 1.000000000000000e+00 1.000000000000000e+00 1.000000000000000e+00
xras   = -1.000000000000000e+00 0.000000000000000e+00 0.000000000000000e+00
yras   = 0.000000000000000e+00 0.000000000000000e+00 -1.000000000000000e+00
zras   = 0.000000000000000e+00 1.000000000000000e+00 0.000000000000000e+00
cras   = 2.060000000000000e+02 2.725000000000000e+02 5.290000000000000e+02
