# transform file /usr/local/freesurfer/subjects/3468/mri/transforms/cc_up.lta
# created by ubuntu on Thu Jan 18 04:55:09 2018

type      = 0 # LINEAR_VOX_TO_VOX
nxforms   = 1
mean      = 129.0000 112.0000 119.0000
sigma     = 10000.0000
1 4 4
9.915077090263367e-01 -1.112654358148575e-01 6.732222437858582e-02 4.482718467712402e+00 
1.110098361968994e-01 9.937906265258789e-01 7.537438534200191e-03 1.846540260314941e+01 
-6.774286180734634e-02 9.313224635931761e-10 9.977027773857117e-01 2.898092079162598e+01 
0.000000000000000e+00 0.000000000000000e+00 0.000000000000000e+00 1.000000000000000e+00 
src volume info
valid = 1  # volume info valid
filename = /usr/local/freesurfer/subjects/3468/mri/norm.mgz
volume = 256 256 256
voxelsize = 1.000000000000000e+00 1.000000000000000e+00 1.000000000000000e+00
xras   = -9.999999403953552e-01 0.000000000000000e+00 0.000000000000000e+00
yras   = 0.000000000000000e+00 0.000000000000000e+00 -9.999999403953552e-01
zras   = 0.000000000000000e+00 9.999999403953552e-01 0.000000000000000e+00
cras   = 1.795930938720703e+02 2.935955200195312e+02 4.960000000000000e+02
dst volume info
valid = 1  # volume info valid
filename = /usr/local/freesurfer/subjects/3468/mri/norm.mgz
volume = 256 256 256
voxelsize = 1.000000000000000e+00 1.000000000000000e+00 1.000000000000000e+00
xras   = -9.999999403953552e-01 0.000000000000000e+00 0.000000000000000e+00
yras   = 0.000000000000000e+00 0.000000000000000e+00 -9.999999403953552e-01
zras   = 0.000000000000000e+00 9.999999403953552e-01 0.000000000000000e+00
cras   = 1.795930938720703e+02 2.935955200195312e+02 4.960000000000000e+02
