# transform file /usr/local/freesurfer/subjects/3467/mri/transforms/cc_up.lta
# created by ubuntu on Thu Jan 18 05:33:11 2018

type      = 0 # LINEAR_VOX_TO_VOX
nxforms   = 1
mean      = 127.0000 109.0000 103.0000
sigma     = 10000.0000
1 4 4
9.994909763336182e-01 2.183494344353676e-02 -2.326334640383720e-02 1.883226513862610e+00 
-2.182903140783310e-02 9.997616410255432e-01 5.080749397166073e-04 2.975216865539551e+01 
2.326889336109161e-02 0.000000000000000e+00 9.997293353080750e-01 3.806840515136719e+01 
0.000000000000000e+00 0.000000000000000e+00 0.000000000000000e+00 1.000000000000000e+00 
src volume info
valid = 1  # volume info valid
filename = /usr/local/freesurfer/subjects/3467/mri/norm.mgz
volume = 256 256 256
voxelsize = 1.000000000000000e+00 1.000000000000000e+00 1.000000000000000e+00
xras   = -9.999999403953552e-01 0.000000000000000e+00 0.000000000000000e+00
yras   = 0.000000000000000e+00 0.000000000000000e+00 -9.999999403953552e-01
zras   = 0.000000000000000e+00 9.999999403953552e-01 0.000000000000000e+00
cras   = 1.857312316894531e+02 2.974389038085938e+02 5.047260742187500e+02
dst volume info
valid = 1  # volume info valid
filename = /usr/local/freesurfer/subjects/3467/mri/norm.mgz
volume = 256 256 256
voxelsize = 1.000000000000000e+00 1.000000000000000e+00 1.000000000000000e+00
xras   = -9.999999403953552e-01 0.000000000000000e+00 0.000000000000000e+00
yras   = 0.000000000000000e+00 0.000000000000000e+00 -9.999999403953552e-01
zras   = 0.000000000000000e+00 9.999999403953552e-01 0.000000000000000e+00
cras   = 1.857312316894531e+02 2.974389038085938e+02 5.047260742187500e+02
