# transform file /usr/local/freesurfer/subjects/4108/mri/transforms/cc_up.lta
# created by ubuntu on Tue Jan 16 16:57:43 2018

type      = 0 # LINEAR_VOX_TO_VOX
nxforms   = 1
mean      = 126.0000 133.0000 112.0000
sigma     = 10000.0000
1 4 4
9.988863468170166e-01 -3.610185161232948e-02 3.037624247372150e-02 6.476270198822021e+00 
3.608516976237297e-02 9.993481636047363e-01 1.097353990189731e-03 6.497456073760986e+00 
-3.039605729281902e-02 0.000000000000000e+00 9.995378851890564e-01 3.681300735473633e+01 
0.000000000000000e+00 0.000000000000000e+00 0.000000000000000e+00 1.000000000000000e+00 
src volume info
valid = 1  # volume info valid
filename = /usr/local/freesurfer/subjects/4108/mri/norm.mgz
volume = 256 256 256
voxelsize = 1.000000000000000e+00 1.000000000000000e+00 1.000000000000000e+00
xras   = -1.000000000000000e+00 0.000000000000000e+00 0.000000000000000e+00
yras   = 0.000000000000000e+00 0.000000000000000e+00 -1.000000000000000e+00
zras   = 0.000000000000000e+00 1.000000000000000e+00 0.000000000000000e+00
cras   = 2.102881317138672e+02 2.962118530273438e+02 4.890509033203125e+02
dst volume info
valid = 1  # volume info valid
filename = /usr/local/freesurfer/subjects/4108/mri/norm.mgz
volume = 256 256 256
voxelsize = 1.000000000000000e+00 1.000000000000000e+00 1.000000000000000e+00
xras   = -1.000000000000000e+00 0.000000000000000e+00 0.000000000000000e+00
yras   = 0.000000000000000e+00 0.000000000000000e+00 -1.000000000000000e+00
zras   = 0.000000000000000e+00 1.000000000000000e+00 0.000000000000000e+00
cras   = 2.102881317138672e+02 2.962118530273438e+02 4.890509033203125e+02
