# transform file /usr/local/freesurfer/subjects/4106/mri/transforms/cc_up.lta
# created by ubuntu on Tue Jan 16 17:42:09 2018

type      = 0 # LINEAR_VOX_TO_VOX
nxforms   = 1
mean      = 128.0000 124.0000 119.0000
sigma     = 10000.0000
1 4 4
9.999442696571350e-01 1.053876522928476e-02 -7.491535507142544e-04 2.592873573303223e-02 
-1.053876243531704e-02 9.999445080757141e-01 7.895590897533111e-06 2.935375595092773e+01 
7.491951691918075e-04 9.094948101931455e-13 9.999997615814209e-01 3.090413284301758e+01 
0.000000000000000e+00 0.000000000000000e+00 0.000000000000000e+00 1.000000000000000e+00 
src volume info
valid = 1  # volume info valid
filename = /usr/local/freesurfer/subjects/4106/mri/norm.mgz
volume = 256 256 256
voxelsize = 1.000000000000000e+00 1.000000000000000e+00 1.000000000000000e+00
xras   = -1.000000000000000e+00 0.000000000000000e+00 0.000000000000000e+00
yras   = 0.000000000000000e+00 0.000000000000000e+00 -1.000000000000000e+00
zras   = 0.000000000000000e+00 1.000000000000000e+00 0.000000000000000e+00
cras   = 1.782542419433594e+02 2.962118530273438e+02 4.849830322265625e+02
dst volume info
valid = 1  # volume info valid
filename = /usr/local/freesurfer/subjects/4106/mri/norm.mgz
volume = 256 256 256
voxelsize = 1.000000000000000e+00 1.000000000000000e+00 1.000000000000000e+00
xras   = -1.000000000000000e+00 0.000000000000000e+00 0.000000000000000e+00
yras   = 0.000000000000000e+00 0.000000000000000e+00 -1.000000000000000e+00
zras   = 0.000000000000000e+00 1.000000000000000e+00 0.000000000000000e+00
cras   = 1.782542419433594e+02 2.962118530273438e+02 4.849830322265625e+02
