# transform file /usr/local/freesurfer/subjects/4103/mri/transforms/cc_up.lta
# created by ubuntu on Tue Jan 16 17:20:11 2018

type      = 0 # LINEAR_VOX_TO_VOX
nxforms   = 1
mean      = 128.0000 127.0000 119.0000
sigma     = 10000.0000
1 4 4
9.974339008331299e-01 4.591791704297066e-02 -5.492942407727242e-02 1.769899845123291e+00 
-4.584844410419464e-02 9.989452362060547e-01 2.524907933548093e-03 3.469780731201172e+01 
5.498742684721947e-02 0.000000000000000e+00 9.984870553016663e-01 1.212652206420898e+01 
0.000000000000000e+00 0.000000000000000e+00 0.000000000000000e+00 1.000000000000000e+00 
src volume info
valid = 1  # volume info valid
filename = /usr/local/freesurfer/subjects/4103/mri/norm.mgz
volume = 256 256 256
voxelsize = 1.000000000000000e+00 1.000000000000000e+00 1.000000000000000e+00
xras   = -1.000000000000000e+00 0.000000000000000e+00 0.000000000000000e+00
yras   = 0.000000000000000e+00 0.000000000000000e+00 -1.000000000000000e+00
zras   = 0.000000000000000e+00 1.000000000000000e+00 0.000000000000000e+00
cras   = 2.117167053222656e+02 2.962118530273438e+02 4.913269653320312e+02
dst volume info
valid = 1  # volume info valid
filename = /usr/local/freesurfer/subjects/4103/mri/norm.mgz
volume = 256 256 256
voxelsize = 1.000000000000000e+00 1.000000000000000e+00 1.000000000000000e+00
xras   = -1.000000000000000e+00 0.000000000000000e+00 0.000000000000000e+00
yras   = 0.000000000000000e+00 0.000000000000000e+00 -1.000000000000000e+00
zras   = 0.000000000000000e+00 1.000000000000000e+00 0.000000000000000e+00
cras   = 2.117167053222656e+02 2.962118530273438e+02 4.913269653320312e+02
