# transform file /usr/local/freesurfer/subjects/3008/mri/transforms/cc_up.lta
# created by ubuntu on Fri Jan 19 05:15:59 2018

type      = 0 # LINEAR_VOX_TO_VOX
nxforms   = 1
mean      = 130.0000 124.0000 119.0000
sigma     = 10000.0000
1 4 4
9.999243617057800e-01 2.667348831892014e-03 1.200654171407223e-02 -3.660257339477539e+00 
-2.667156280949712e-03 9.999964833259583e-01 -3.202574589522555e-05 2.435347557067871e+01 
-1.200658455491066e-02 0.000000000000000e+00 9.999278783798218e-01 1.358122634887695e+01 
0.000000000000000e+00 0.000000000000000e+00 0.000000000000000e+00 1.000000000000000e+00 
src volume info
valid = 1  # volume info valid
filename = /usr/local/freesurfer/subjects/3008/mri/norm.mgz
volume = 256 256 256
voxelsize = 1.000000000000000e+00 1.000000000000000e+00 1.000000000000000e+00
xras   = -1.000000000000000e+00 0.000000000000000e+00 0.000000000000000e+00
yras   = 0.000000000000000e+00 0.000000000000000e+00 -1.000000000000000e+00
zras   = 0.000000000000000e+00 1.000000000000000e+00 0.000000000000000e+00
cras   = 1.982230224609375e+02 2.970678100585938e+02 5.351950073242188e+02
dst volume info
valid = 1  # volume info valid
filename = /usr/local/freesurfer/subjects/3008/mri/norm.mgz
volume = 256 256 256
voxelsize = 1.000000000000000e+00 1.000000000000000e+00 1.000000000000000e+00
xras   = -1.000000000000000e+00 0.000000000000000e+00 0.000000000000000e+00
yras   = 0.000000000000000e+00 0.000000000000000e+00 -1.000000000000000e+00
zras   = 0.000000000000000e+00 1.000000000000000e+00 0.000000000000000e+00
cras   = 1.982230224609375e+02 2.970678100585938e+02 5.351950073242188e+02
